1 5 350
1 6 300
1 8 200
1 14 400
1 15 100
1 20 400
1 22 200
2 8 400
2 12 400
2 17 400
2 18 400
2 19 500
2 22 500
3 8 200
3 13 250
3 17 200
3 19 500
3 21 200
3 22 500
4 5 300
4 8 400
4 10 250
4 12 300
4 13 150
4 16 50
4 18 50
4 19 50
5 7 300
5 10 300
5 11 400
5 14 150
5 16 300
5 19 100
5 22 300
5 23 200
6 8 50
6 10 400
6 12 350
7 14 100
8 6 400
8 11 100
9 4 200
9 10 200
10 14 100
10 24 150
10 25 300
11 15 400
11 19 100
11 20 150
12 11 400
12 22 200
13 5 200
13 6 250
13 10 300
13 20 100
13 22 300
13 24 300
14 15 100
14 21 250
14 24 300
14 25 200
15 10 100
15 16 400
15 18 200
15 21 300
15 23 100
15 25 400
16 9 400
16 19 100
16 22 250
16 23 400
17 14 400
17 21 400
17 23 150
17 25 300
18 4 100
18 14 450
18 20 200
19 8 50
19 15 400
19 23 350
19 24 400
19 25 400
20 23 400
20 24 500
21 23 300
21 24 300
22 5 400
22 9 300
22 18 100